30.627779865446385  -2.9267228316867815
30.64087156797381  -9.959876356142807
30.677353779016904  -2.358930844293603
30.721632826231886  -3.213285653675996
30.749445420934595  -10.6881629189648
30.79052427419843  -4.489969089035711
30.839981817079817  -4.39299351475848
30.863372325595485  -9.758894478453257
30.87425298502939  -5.737559852112263
30.937442269228434  -10.084247530153348
30.964265713073512  -1.5610643069276975
30.988529001757676  -3.395842172252877
31.01802897145281  -4.043881447360455
31.03612461361294  -10.831929207830797
31.061667979877562  -7.4877265288805575
31.080694587550756  -10.50924298442331
31.120784289956962  -8.312988665979766
31.183799018122304  -13.365900963694784
31.229707254985144  -7.628825989453915
31.29493302624401  -3.7362264379659536
31.3198363537184  -2.9815140311534165
31.378428995696705  -5.925450027274387
31.423348081701917  -4.1903145645190705
31.443363840232735  -3.209891508576284
31.476180374568152  -10.439663009879396
31.51731741317655  -4.006060973392337
31.57084793017758  -7.430510940056983
31.581263106854955  -5.292441966179773
31.614196011879503  -12.051397054366944
31.675348809018722  -4.637371961937092
31.73289411479483  -11.818655676101592
31.79329050245469  -7.4649372689253966
31.850835808230798  -14.64622098308989
31.915654282077696  -12.401478877507735
31.941837687132548  -6.467785926419793
31.994611794654215  -12.952542578338083
32.030744893629915  -6.764046305836736
32.03982180738226  -10.040366082792907
32.10074186314321  -3.5679738165949644
32.14240256985271  -15.015697921086144
32.194303897205884  -5.031577671374031
32.23753560821868  -10.12328019879994
32.26872295290623  -3.9444814837262854
32.30165585793078  -10.703436571913457
32.35751378871446  -4.711558276259176
32.406738590217586  -5.556215528213848
32.45014485726407  -9.941693435965831
32.49622765016061  -3.498393842051037
32.528927813806895  -11.198981756470097
32.570355779138126  -3.588338687193165
32.613238378083516  -10.092490453966917
32.63342869264804  -8.405842778350205
32.68346808897508  -5.95478513849325
32.716808291411596  -11.0658827807746
32.741071580095756  -12.900660646099773
32.8047845323959  -15.128674465119097
32.86512273471119  -11.010364264500893
32.88030910964301  -9.56882235286988
32.9292429844233  -11.59052063761441
32.9634559670283  -13.170495181526164
33.024376022789255  -6.698102915328214
33.04375174252985  -8.30717013152313
33.07470634583914  -3.070004242681378
33.11962543184435  -1.3348687799260688
33.15302381962543  -6.210558215649442
33.18409479362385  -0.5025759136917429
33.21848233226256  -1.3763258379295848
33.24844778471422  -0.14109946057337197
33.29522880174556  9.127098612037088
33.324437844717856  7.3020183041396365
33.33165282744408  -3.5073640826716854
33.362083762652276  -0.38887205285169557
33.42085096066428  -2.626583429298755
33.43923752954724  -8.237590156979216
33.47513788714467  -2.990726710709744
33.51470392144978  -2.9131462512879622
33.56404509364204  -3.2869870901266864
33.597734408145946  -6.985635493060194
33.66121461906782  -10.15528213831142
33.73604097218013  -7.420328504757876
33.744768773865076  -12.10909752106189
33.80993635977938  -8.4519061761319
33.87330020001212  -12.092369234499074
33.96238196254318  -11.682404994242084
34.01719255712467  -9.927874416631326
34.07840353960846  -2.27844111764351
34.111394629977575  -8.801987999272683
34.15771016425238  -1.4170555791260213
34.19727619855749  -1.3394751197042396
34.23137281047336  -3.390266076731926
34.29171101278865  0.7280441238862778
34.350070913388684  -3.157524698466574
34.39388447784714  -5.895145160312758
34.434439663009876  -1.8156251894054307
34.50350566701012  -2.3860840050912273
34.56692769258743  -5.791138856900432
34.61533789926662  -9.931511000666717
34.66526092490454  -7.951269773925702
34.71064549366628  -4.332868658706587
34.749106006424626  -8.7280441238863
34.81887023455967  -6.47360446087643
34.88299048427177  -7.053760833989955
34.97707618643554  -6.39869082974726
35.05603369901206  -6.949754530577614
35.09170131523123  -2.6445239105400447
35.15058488393236  -4.411418873871156
35.20452269834535  -6.1880113946299815
35.245426995575485  -0.6960421843748179
35.318682344384506  -4.317110127886551
35.35469907267107  1.4005697314988765
35.433772955936725  1.3203224437844625
35.47863385659737  2.8200496999818085
35.513661434026304  4.535790047881676
35.56736650706103  1.817564700890955
35.63695617916237  3.3657797442269057
35.71149160555185  4.923692344990599
35.745297290744894  1.695860355173025
35.76449845445178  -0.619431480695809
35.784630583671735  0.8318079883629252
35.853056548881746  -2.3281410994605807
35.902223165040304  -3.408206557973216
36.01591732832293  -3.420570943693562
36.04175162131038  1.100672768046536
36.115414267531364  -0.872537729559383
36.15660949148433  5.796472513485654
36.224686344626946  1.2240741863143185
36.24068731438269  5.961330989756945
36.29375234862719  0.6536153706285219
36.35432329232074  5.713558397478636
36.4325243954179  2.102188011394624
36.447885326383414  4.249954542699555
36.50141584338445  0.8255045760349091
36.51276198557488  6.730104854839681
36.61033880841263  1.509667252560753
36.67090975210618  6.569610279410874
36.71466513122007  3.5965816110067124
36.754638462937145  5.322019516334322
36.79350627310746  2.574701497060417
36.83755257894418  0.7787138614461355
36.9106333717195  -3.548578701739501
36.990056367052546  -2.216376750106079
37.025025759136916  -0.7360446087641748
37.07401781926177  -2.522334686950728
37.11428207770168  0.38014425116674033
37.154488150797015  3.0472149827262243
37.19771986180981  -2.0444875446996775
37.229198133220194  5.311352203163821
37.292620158797504  1.906297351354624
37.313334141463116  5.71161888599309
37.36634099036305  0.16849506030668238
37.39194254197224  3.748105945814885
37.435756106430695  1.0104854839687292
37.521346748287776  7.2959573307473065
37.588492635917326  -1.042972301351611
37.65441663131099  5.6745257288320445
37.70742348021092  0.13140190314564393
37.738552639553916  6.074792411661306
37.76258318685981  3.2983817201042456
37.81285532456513  6.691072186193097
37.8574834838475  7.249166616158547
37.91147948360506  5.707982301957692
37.97734529365416  12.19007212558337
38.00608885386993  8.481726165222128
38.03651978907813  11.600218195042117
38.08108976301594  11.92290441844959
38.09994181465544  8.195163343232913
38.148817504091156  5.938056851930412
38.17220801260682  0.572155888235649
38.21666161585551  0.4240256985271742
38.25774046911934  6.622219528456256
38.302135887023454  6.238681132189825
38.34082914116007  2.785138493242016
