30.973495587055357  5.010252295622713
31.040893286975123  6.518677008112682
31.11968440759561  5.520192564856913
31.13894089328697  1.189266292234997
31.32621021663546  2.23767495765356
31.394891682267982  -4.987073192475712
31.44945172506017  -2.813586520460021
31.47753410002674  1.1482571097441436
31.534340732816258  -1.961308727823841
31.55231345279486  2.4409378621734845
31.609761968440754  -5.035214406704114
31.62131585985557  -3.633770170277259
31.704760631184804  2.043327092805555
31.72722653115806  2.5461353303022136
31.728349826156723  -3.4287242578229495
31.78563787108852  -1.4798965855398052
31.803610591067127  -3.744316662209151
31.8617009895694  -2.2537220290630273
31.936480342337518  -0.9610412766336793
31.982535437282692  0.736382276901125
32.040625835784965  -4.439689756619416
32.15680663278951  -1.4585004903271823
32.16290451992511  -6.274404921101905
32.181358652046  -3.4804314879201286
32.22532762770794  0.7417313007042878
32.261273067665144  -3.787108852634397
32.29304626905589  -3.266470535793893
32.39735223321743  -2.836765623607022
32.421101898903444  -4.400463582062947
32.489622893821874  -2.20023179103147
32.53519657662476  -5.561201747347781
32.55349023803156  -0.008915039671926195
32.64511901577961  -1.6724614424534252
32.64640278149238  -3.7389676384059953
32.6515378443434  -5.338325755549619
32.783765712757415  -4.855130605331198
32.80607114201658  -1.5940090933404676
32.81858785771596  -3.409111170544719
32.93027547472586  -3.195150218418476
33.08320406525809  -5.201034144601955
33.130382455201925  -2.8118035125256355
33.17050013372559  -5.7234554693768445
33.17419096014977  -2.4979941160738193
33.342845680663274  -1.485245609342968
33.386975127039314  -6.688062761879294
33.425327627707944  -5.924935365962384
33.505081572612994  -3.4732994561825876
33.5471248997058  -6.151377373629316
33.66619416956405  -6.153160381563701
33.706472318801815  -5.156458946242324
33.7732281358652  -5.948114469109392
33.89117411072479  -6.641704555585278
33.93883391281091  -5.860747080324515
33.962583578496925  -0.7577783721137621
34.0566194169564  -3.79602389230633
34.08662744049211  -6.267272889364364
34.173442096817325  -5.1814210573237105
34.198956940358386  -3.7532317018810772
34.20585718106445  -2.360702505126156
34.351083177320135  -5.300882588927529
34.39794062583579  -4.061692074529738
34.50657929927788  -4.773112240349484
34.52744049211019  -3.3538379245787695
34.53466167424445  -0.8112686101453193
34.6235624498529  -2.250156013194271
34.78611928323081  -3.088169742355362
34.867959347419095  -3.1612730676651637
34.94739235089596  -1.8596772755638824
35.01270393153249  -4.493179994650987
35.014469109387534  -1.5012926807524423
35.165472051350626  -3.7407506463403877
35.17895159133458  -2.1057323705090525
35.27090131051083  -2.6192386556120226
35.280529553356516  -1.4513684585896485
35.420620486761166  -2.792190425247398
35.479192297405724  -2.909868948916831
35.498769724525275  0.5759115628064464
35.573870018721585  -3.648034233752341
35.64592136935009  -2.130694481590453
35.66437550147098  0.6632789515913231
35.67352233217438  3.439422305429261
35.738352500668626  2.414192743157706
35.82436480342338  -2.7083890523312917
35.876838726932334  1.9898368547739977
35.943755014709815  -1.560131942587148
35.948569136132654  2.357136489257371
35.97119550682001  0.10163145225995152
36.05030756886868  0.25318712668270393
36.07453864669698  3.7478826780779144
36.145787643755014  -0.943211197289834
36.187349558705534  4.653650708745651
36.24592136935009  4.5359721850762185
36.26212891147365  -0.7203352054916721
36.29037175715432  0.48319515021840687
36.29646964428992  2.333957386110363
36.330810377106175  5.388249977712391
36.4055897298743  0.014264063475067701
36.4717036640813  3.589194971917621
36.48277614335384  -0.06775430150665329
36.4928857983418  6.15850940536685
36.506044396897565  6.643487563519656
36.551778550414554  0.5242043327092745
36.6196576624766  0.424355888383694
36.66940358384595  5.347240795221538
36.72588927520728  7.754301506641703
36.73648034233752  5.705625390032978
36.75846483016849  1.1500401176785147
36.81623428724258  1.4905946331461095
36.84656325220647  6.836052420433269
36.910430596416155  2.3607025051261417
36.96787911206205  1.5512169029152147
36.99628242845681  6.663100650797887
37.03447445841134  3.5178746545422044
37.06143353837925  6.7879112062048605
37.1201658197379  3.9119194080413635
37.13476865472052  6.238744762414186
37.143193367210486  8.093964518142045
37.163171971115275  4.6839618436302
37.22928590532228  8.25889275207274
37.31457608986361  2.215387358473812
37.320433270928056  8.203619506106797
37.36969778015512  8.068110903093512
37.37194437015245  2.7850583935098427
37.4456004279219  3.3859320673976967
37.484273870018725  5.2990995809932
37.5105108317732  7.648212534545777
37.57317464562717  7.193545511277577
37.58986359989302  3.662298297227416
37.729794062583586  5.079789605063745
37.757234554693774  6.741552999910844
37.797833645359724  8.888294552910757
37.90960149772667  4.389765534456679
37.9432201123295  6.52313452794877
37.98734955870554  7.98698404207903
38.09679058571811  3.483997503788885
38.14204332709281  5.639654096460717
38.14461085851832  8.173308371222248
38.30235357047339  3.418026210216624
38.304921101898906  5.951680484978148
38.361888205402515  6.7504680395827705
38.44934474458412  3.469733440313803
38.46121957742712  6.021217794419172
38.483525006686286  9.28233930640991
38.55204600160471  4.815904430774708
38.55349023803156  6.657751626994738
38.63613265579032  6.1264152625479085
